b 1	-50.000	0.750	6.694
b 2	-50.000	1.500	6.787
b 3	-50.000	2.250	6.887
b 4	-50.000	3.000	6.998
b 5	-50.000	3.750	7.121
b 6	-50.000	4.500	7.261
b 7	-50.000	5.250	7.422
b 8	-50.000	6.000	7.612
b 9	-50.000	6.750	7.846
b 10	-50.000	7.500	8.143
b 11	-50.000	8.250	8.539
wl 3	-50.000	9.000	12.091
wl 4	-50.000	9.000	11.455
wl 5	-50.000	8.997	10.818
wl 6	-50.000	8.990	10.182
wl 7	-50.000	8.961	9.545
wl 8	-50.000	8.755	8.909
wl 9	-50.000	7.773	8.273
wl 10	-50.000	6.085	7.636
wl 11	-50.000	3.015	7.000
Edge: Hull, Top	-50.000	0.000	6.603
Edge: Hull, Bottom	-50.000	9.000	12.400
b 1	-45.000	0.750	5.194
b 2	-45.000	1.500	5.646
b 3	-45.000	2.250	5.865
b 4	-45.000	3.000	6.045
b 5	-45.000	3.750	6.222
b 6	-45.000	4.500	6.412
b 7	-45.000	5.250	6.629
b 8	-45.000	6.000	6.888
b 9	-45.000	6.750	7.213
b 10	-45.000	7.500	7.640
b 11	-45.000	8.250	8.229
DWL	-45.000	5.157	6.600
wl 3	-45.000	9.000	12.091
wl 4	-45.000	9.000	11.455
wl 5	-45.000	8.998	10.818
wl 6	-45.000	8.990	10.182
wl 7	-45.000	8.964	9.545
wl 8	-45.000	8.827	8.909
wl 9	-45.000	8.296	8.273
wl 10	-45.000	7.494	7.636
wl 11	-45.000	6.280	7.000
wl 12	-45.000	4.317	6.364
wl 13	-45.000	1.748	5.727
wl 14	-45.000	0.681	5.091
wl 15	-45.000	0.552	4.455
wl 16	-45.000	0.576	3.818
wl 17	-45.000	0.607	3.182
wl 18	-45.000	0.617	2.545
wl 19	-45.000	0.583	1.909
wl 20	-45.000	0.451	1.273
Edge: Hull, Top	-45.000	0.000	0.818
Edge: Hull, Bottom	-45.000	9.000	12.400
b 1	-40.000	0.750	0.429
b 2	-40.000	1.500	2.187
b 3	-40.000	2.250	3.797
b 4	-40.000	3.000	4.424
b 5	-40.000	3.750	4.855
b 6	-40.000	4.500	5.223
b 7	-40.000	5.250	5.582
b 8	-40.000	6.000	5.969
b 9	-40.000	6.750	6.427
b 10	-40.000	7.500	7.011
b 11	-40.000	8.250	7.812
DWL	-40.000	6.994	6.600
wl 3	-40.000	9.000	12.091
wl 4	-40.000	9.000	11.455
wl 5	-40.000	8.998	10.818
wl 6	-40.000	8.991	10.182
wl 7	-40.000	8.969	9.545
wl 8	-40.000	8.882	8.909
wl 9	-40.000	8.578	8.273
wl 10	-40.000	8.108	7.636
wl 11	-40.000	7.487	7.000
wl 12	-40.000	6.656	6.364
wl 13	-40.000	5.542	5.727
wl 14	-40.000	4.224	5.091
wl 15	-40.000	3.047	4.455
wl 16	-40.000	2.269	3.818
wl 17	-40.000	1.833	3.182
wl 18	-40.000	1.594	2.545
wl 19	-40.000	1.434	1.909
wl 20	-40.000	1.260	1.273
wl 21	-40.000	0.941	0.636
Edge: Hull, Top	-40.000	0.000	0.140
Edge: Hull, Bottom	-40.000	9.000	12.400
b 1	-35.000	0.750	0.106
b 2	-35.000	1.500	0.377
b 3	-35.000	2.250	0.917
b 4	-35.000	3.000	1.798
b 5	-35.000	3.750	2.598
b 6	-35.000	4.500	3.213
b 7	-35.000	5.250	3.764
b 8	-35.000	6.000	4.328
b 9	-35.000	6.750	4.980
b 10	-35.000	7.500	5.823
b 11	-35.000	8.250	7.009
DWL	-35.000	8.022	6.600
wl 3	-35.000	9.000	12.091
wl 4	-35.000	9.000	11.455
wl 5	-35.000	8.998	10.818
wl 6	-35.000	8.993	10.182
wl 7	-35.000	8.977	9.545
wl 8	-35.000	8.929	8.909
wl 9	-35.000	8.790	8.273
wl 10	-35.000	8.548	7.636
wl 11	-35.000	8.245	7.000
wl 12	-35.000	7.877	6.364
wl 13	-35.000	7.426	5.727
wl 14	-35.000	6.863	5.091
wl 15	-35.000	6.157	4.455
wl 16	-35.000	5.325	3.818
wl 17	-35.000	4.459	3.182
wl 18	-35.000	3.693	2.545
wl 19	-35.000	3.091	1.909
wl 20	-35.000	2.576	1.273
wl 21	-35.000	1.921	0.636
Edge: Hull, Top	-35.000	0.000	0.018
Edge: Hull, Bottom	-35.000	9.000	12.400
b 1	-30.000	0.750	0.025
b 2	-30.000	1.500	0.092
b 3	-30.000	2.250	0.201
b 4	-30.000	3.000	0.364
b 5	-30.000	3.750	0.614
b 6	-30.000	4.500	1.011
b 7	-30.000	5.250	1.539
b 8	-30.000	6.000	2.120
b 9	-30.000	6.750	2.792
b 10	-30.000	7.500	3.717
b 11	-30.000	8.250	5.306
DWL	-30.000	8.623	6.600
wl 3	-30.000	9.000	12.091
wl 4	-30.000	9.000	11.455
wl 5	-30.000	8.999	10.818
wl 6	-30.000	8.995	10.182
wl 7	-30.000	8.987	9.545
wl 8	-30.000	8.966	8.909
wl 9	-30.000	8.920	8.273
wl 10	-30.000	8.834	7.636
wl 11	-30.000	8.713	7.000
wl 12	-30.000	8.565	6.364
wl 13	-30.000	8.387	5.727
wl 14	-30.000	8.173	5.091
wl 15	-30.000	7.907	4.455
wl 16	-30.000	7.564	3.818
wl 17	-30.000	7.105	3.182
wl 18	-30.000	6.495	2.545
wl 19	-30.000	5.735	1.909
wl 20	-30.000	4.885	1.273
wl 21	-30.000	3.802	0.636
Edge: Hull, Top	-30.000	0.000	0.000
Edge: Hull, Bottom	-30.000	9.000	12.400
b 1	-25.000	0.750	0.004
b 2	-25.000	1.500	0.015
b 3	-25.000	2.250	0.033
b 4	-25.000	3.000	0.058
b 5	-25.000	3.750	0.093
b 6	-25.000	4.500	0.147
b 7	-25.000	5.250	0.239
b 8	-25.000	6.000	0.433
b 9	-25.000	6.750	0.848
b 10	-25.000	7.500	1.507
b 11	-25.000	8.250	2.815
DWL	-25.000	8.873	6.600
wl 3	-25.000	9.000	12.091
wl 4	-25.000	9.000	11.455
wl 5	-25.000	8.999	10.818
wl 6	-25.000	8.998	10.182
wl 7	-25.000	8.994	9.545
wl 8	-25.000	8.986	8.909
wl 9	-25.000	8.971	8.273
wl 10	-25.000	8.944	7.636
wl 11	-25.000	8.904	7.000
wl 12	-25.000	8.852	6.364
wl 13	-25.000	8.789	5.727
wl 14	-25.000	8.714	5.091
wl 15	-25.000	8.623	4.455
wl 16	-25.000	8.510	3.818
wl 17	-25.000	8.361	3.182
wl 18	-25.000	8.150	2.545
wl 19	-25.000	7.815	1.909
wl 20	-25.000	7.269	1.273
wl 21	-25.000	6.424	0.636
Edge: Hull, Top	-25.000	0.000	0.000
Edge: Hull, Bottom	-25.000	9.000	12.400
b 1	-20.000	0.750	0.000
b 2	-20.000	1.500	0.001
b 3	-20.000	2.250	0.002
b 4	-20.000	3.000	0.004
b 5	-20.000	3.750	0.009
b 6	-20.000	4.500	0.015
b 7	-20.000	5.250	0.027
b 8	-20.000	6.000	0.048
b 9	-20.000	6.750	0.097
b 10	-20.000	7.500	0.260
b 11	-20.000	8.250	0.857
DWL	-20.000	8.965	6.600
wl 3	-20.000	9.000	12.091
wl 4	-20.000	9.000	11.455
wl 5	-20.000	9.000	10.818
wl 6	-20.000	8.999	10.182
wl 7	-20.000	8.998	9.545
wl 8	-20.000	8.996	8.909
wl 9	-20.000	8.991	8.273
wl 10	-20.000	8.984	7.636
wl 11	-20.000	8.974	7.000
wl 12	-20.000	8.960	6.364
wl 13	-20.000	8.942	5.727
wl 14	-20.000	8.922	5.091
wl 15	-20.000	8.897	4.455
wl 16	-20.000	8.868	3.818
wl 17	-20.000	8.830	3.182
wl 18	-20.000	8.777	2.545
wl 19	-20.000	8.690	1.909
wl 20	-20.000	8.505	1.273
wl 21	-20.000	8.048	0.636
Edge: Hull, Top	-20.000	0.000	0.000
Edge: Hull, Bottom	-20.000	9.000	12.400
b 1	-15.000	0.750	0.000
b 2	-15.000	1.500	0.000
b 3	-15.000	2.250	0.000
b 4	-15.000	3.000	0.001
b 5	-15.000	3.750	0.002
b 6	-15.000	4.500	0.005
b 7	-15.000	5.250	0.009
b 8	-15.000	6.000	0.016
b 9	-15.000	6.750	0.030
b 10	-15.000	7.500	0.068
b 11	-15.000	8.250	0.247
DWL	-15.000	8.995	6.600
wl 3	-15.000	9.000	12.091
wl 4	-15.000	9.000	11.455
wl 5	-15.000	9.000	10.818
wl 6	-15.000	9.000	10.182
wl 7	-15.000	9.000	9.545
wl 8	-15.000	8.999	8.909
wl 9	-15.000	8.999	8.273
wl 10	-15.000	8.998	7.636
wl 11	-15.000	8.996	7.000
wl 12	-15.000	8.995	6.364
wl 13	-15.000	8.992	5.727
wl 14	-15.000	8.990	5.091
wl 15	-15.000	8.986	4.455
wl 16	-15.000	8.982	3.818
wl 17	-15.000	8.977	3.182
wl 18	-15.000	8.968	2.545
wl 19	-15.000	8.950	1.909
wl 20	-15.000	8.898	1.273
wl 21	-15.000	8.656	0.636
Edge: Hull, Top	-15.000	0.000	0.000
Edge: Hull, Bottom	-15.000	9.000	12.400
b 1	-10.000	0.750	0.000
b 2	-10.000	1.500	0.000
b 3	-10.000	2.250	0.000
b 4	-10.000	3.000	0.001
b 5	-10.000	3.750	0.002
b 6	-10.000	4.500	0.003
b 7	-10.000	5.250	0.007
b 8	-10.000	6.000	0.012
b 9	-10.000	6.750	0.024
b 10	-10.000	7.500	0.054
b 11	-10.000	8.250	0.186
DWL	-10.000	9.000	6.600
wl 3	-10.000	9.000	12.091
wl 4	-10.000	9.000	11.455
wl 5	-10.000	9.000	10.818
wl 6	-10.000	9.000	10.182
wl 7	-10.000	9.000	9.545
wl 8	-10.000	9.000	8.909
wl 9	-10.000	9.000	8.273
wl 10	-10.000	9.000	7.636
wl 11	-10.000	9.000	7.000
wl 12	-10.000	9.000	6.364
wl 13	-10.000	9.000	5.727
wl 14	-10.000	9.000	5.091
wl 15	-10.000	9.000	4.455
wl 16	-10.000	8.999	3.818
wl 17	-10.000	8.999	3.182
wl 18	-10.000	8.996	2.545
wl 19	-10.000	8.989	1.909
wl 20	-10.000	8.957	1.273
wl 21	-10.000	8.751	0.636
Edge: Hull, Top	-10.000	0.000	0.000
Edge: Hull, Bottom	-10.000	9.000	12.400
b 1	-5.000	0.750	0.000
b 2	-5.000	1.500	0.000
b 3	-5.000	2.250	0.000
b 4	-5.000	3.000	0.001
b 5	-5.000	3.750	0.002
b 6	-5.000	4.500	0.004
b 7	-5.000	5.250	0.007
b 8	-5.000	6.000	0.013
b 9	-5.000	6.750	0.025
b 10	-5.000	7.500	0.055
b 11	-5.000	8.250	0.187
DWL	-5.000	9.000	6.600
wl 3	-5.000	9.000	12.091
wl 4	-5.000	9.000	11.455
wl 5	-5.000	9.000	10.818
wl 6	-5.000	9.000	10.182
wl 7	-5.000	9.000	9.545
wl 8	-5.000	9.000	8.909
wl 9	-5.000	9.000	8.273
wl 10	-5.000	9.000	7.636
wl 11	-5.000	9.000	7.000
wl 12	-5.000	9.000	6.364
wl 13	-5.000	9.000	5.727
wl 14	-5.000	9.000	5.091
wl 15	-5.000	9.000	4.455
wl 16	-5.000	8.999	3.818
wl 17	-5.000	8.999	3.182
wl 18	-5.000	8.997	2.545
wl 19	-5.000	8.990	1.909
wl 20	-5.000	8.961	1.273
wl 21	-5.000	8.752	0.636
Edge: Hull, Top	-5.000	0.000	0.000
Edge: Hull, Bottom	-5.000	9.000	12.400
b 1	0.000	0.750	0.000
b 2	0.000	1.500	0.000
b 3	0.000	2.250	0.000
b 4	0.000	3.000	0.001
b 5	0.000	3.750	0.002
b 6	0.000	4.500	0.005
b 7	0.000	5.250	0.008
b 8	0.000	6.000	0.015
b 9	0.000	6.750	0.029
b 10	0.000	7.500	0.063
b 11	0.000	8.250	0.209
DWL	0.000	8.984	6.600
wl 3	0.000	8.999	12.091
wl 4	0.000	8.997	11.455
wl 5	0.000	8.996	10.818
wl 6	0.000	8.994	10.182
wl 7	0.000	8.992	9.545
wl 8	0.000	8.990	8.909
wl 9	0.000	8.988	8.273
wl 10	0.000	8.987	7.636
wl 11	0.000	8.985	7.000
wl 12	0.000	8.984	6.364
wl 13	0.000	8.982	5.727
wl 14	0.000	8.981	5.091
wl 15	0.000	8.980	4.455
wl 16	0.000	8.979	3.818
wl 17	0.000	8.977	3.182
wl 18	0.000	8.974	2.545
wl 19	0.000	8.966	1.909
wl 20	0.000	8.936	1.273
wl 21	0.000	8.718	0.636
Edge: Hull, Top	0.000	0.000	0.000
Edge: Hull, Bottom	0.000	9.000	12.402
b 1	5.000	0.750	0.000
b 2	5.000	1.500	0.000
b 3	5.000	2.250	0.001
b 4	5.000	3.000	0.003
b 5	5.000	3.750	0.005
b 6	5.000	4.500	0.009
b 7	5.000	5.250	0.015
b 8	5.000	6.000	0.025
b 9	5.000	6.750	0.044
b 10	5.000	7.500	0.091
b 11	5.000	8.250	0.295
DWL	5.000	8.927	6.600
wl 3	5.000	8.996	12.091
wl 4	5.000	8.988	11.455
wl 5	5.000	8.980	10.818
wl 6	5.000	8.971	10.182
wl 7	5.000	8.963	9.545
wl 8	5.000	8.954	8.909
wl 9	5.000	8.946	8.273
wl 10	5.000	8.938	7.636
wl 11	5.000	8.931	7.000
wl 12	5.000	8.924	6.364
wl 13	5.000	8.918	5.727
wl 14	5.000	8.913	5.091
wl 15	5.000	8.908	4.455
wl 16	5.000	8.903	3.818
wl 17	5.000	8.898	3.182
wl 18	5.000	8.891	2.545
wl 19	5.000	8.879	1.909
wl 20	5.000	8.840	1.273
wl 21	5.000	8.592	0.636
Edge: Hull, Top	5.000	0.000	0.000
Edge: Hull, Bottom	5.000	9.000	12.410
b 1	10.000	0.750	0.000
b 2	10.000	1.500	0.001
b 3	10.000	2.250	0.003
b 4	10.000	3.000	0.006
b 5	10.000	3.750	0.011
b 6	10.000	4.500	0.018
b 7	10.000	5.250	0.030
b 8	10.000	6.000	0.049
b 9	10.000	6.750	0.084
b 10	10.000	7.500	0.169
b 11	10.000	8.250	0.565
DWL	10.000	8.796	6.600
wl 3	10.000	8.988	12.091
wl 4	10.000	8.965	11.455
wl 5	10.000	8.943	10.818
wl 6	10.000	8.919	10.182
wl 7	10.000	8.896	9.545
wl 8	10.000	8.873	8.909
wl 9	10.000	8.850	8.273
wl 10	10.000	8.828	7.636
wl 11	10.000	8.808	7.000
wl 12	10.000	8.789	6.364
wl 13	10.000	8.772	5.727
wl 14	10.000	8.757	5.091
wl 15	10.000	8.743	4.455
wl 16	10.000	8.730	3.818
wl 17	10.000	8.716	3.182
wl 18	10.000	8.701	2.545
wl 19	10.000	8.679	1.909
wl 20	10.000	8.619	1.273
wl 21	10.000	8.310	0.636
Edge: Hull, Top	10.000	0.000	0.000
Edge: Hull, Bottom	10.000	9.000	12.427
b 1	15.000	0.750	0.000
b 2	15.000	1.500	0.003
b 3	15.000	2.250	0.007
b 4	15.000	3.000	0.015
b 5	15.000	3.750	0.026
b 6	15.000	4.500	0.044
b 7	15.000	5.250	0.071
b 8	15.000	6.000	0.116
b 9	15.000	6.750	0.202
b 10	15.000	7.500	0.443
b 11	15.000	8.250	1.777
DWL	15.000	8.527	6.600
wl 3	15.000	8.970	12.091
wl 4	15.000	8.918	11.455
wl 5	15.000	8.865	10.818
wl 6	15.000	8.811	10.182
wl 7	15.000	8.757	9.545
wl 8	15.000	8.704	8.909
wl 9	15.000	8.651	8.273
wl 10	15.000	8.601	7.636
wl 11	15.000	8.554	7.000
wl 12	15.000	8.512	6.364
wl 13	15.000	8.473	5.727
wl 14	15.000	8.437	5.091
wl 15	15.000	8.404	4.455
wl 16	15.000	8.373	3.818
wl 17	15.000	8.342	3.182
wl 18	15.000	8.309	2.545
wl 19	15.000	8.264	1.909
wl 20	15.000	8.141	1.273
wl 21	15.000	7.736	0.636
Edge: Hull, Top	15.000	0.000	0.000
Edge: Hull, Bottom	15.000	9.000	12.461
b 1	20.000	0.750	0.001
b 2	20.000	1.500	0.007
b 3	20.000	2.250	0.020
b 4	20.000	3.000	0.041
b 5	20.000	3.750	0.075
b 6	20.000	4.500	0.129
b 7	20.000	5.250	0.216
b 8	20.000	6.000	0.377
b 9	20.000	6.750	0.770
b 10	20.000	7.500	2.453
b 11	20.000	8.250	8.234
DWL	20.000	7.993	6.600
wl 3	20.000	8.924	12.091
wl 4	20.000	8.814	11.455
wl 5	20.000	8.703	10.818
wl 6	20.000	8.591	10.182
wl 7	20.000	8.479	9.545
wl 8	20.000	8.367	8.909
wl 9	20.000	8.257	8.273
wl 10	20.000	8.151	7.636
wl 11	20.000	8.052	7.000
wl 12	20.000	7.960	6.364
wl 13	20.000	7.876	5.727
wl 14	20.000	7.798	5.091
wl 15	20.000	7.725	4.455
wl 16	20.000	7.655	3.818
wl 17	20.000	7.587	3.182
wl 18	20.000	7.512	2.545
wl 19	20.000	7.402	1.909
wl 20	20.000	7.141	1.273
wl 21	20.000	6.577	0.636
Edge: Hull, Top	20.000	0.000	0.000
Edge: Hull, Bottom	20.000	8.998	12.527
b 1	25.000	0.750	0.005
b 2	25.000	1.500	0.025
b 3	25.000	2.250	0.070
b 4	25.000	3.000	0.149
b 5	25.000	3.750	0.284
b 6	25.000	4.500	0.519
b 7	25.000	5.250	0.975
b 8	25.000	6.000	2.115
b 9	25.000	6.750	5.284
b 10	25.000	7.500	8.012
b 11	25.000	8.250	10.346
DWL	25.000	7.086	6.600
wl 3	25.000	8.811	12.091
wl 4	25.000	8.608	11.455
wl 5	25.000	8.403	10.818
wl 6	25.000	8.197	10.182
wl 7	25.000	7.990	9.545
wl 8	25.000	7.784	8.909
wl 9	25.000	7.581	8.273
wl 10	25.000	7.385	7.636
wl 11	25.000	7.198	7.000
wl 12	25.000	7.023	6.364
wl 13	25.000	6.858	5.727
wl 14	25.000	6.704	5.091
wl 15	25.000	6.558	4.455
wl 16	25.000	6.418	3.818
wl 17	25.000	6.281	3.182
wl 18	25.000	6.133	2.545
wl 19	25.000	5.917	1.909
wl 20	25.000	5.536	1.273
wl 21	25.000	4.750	0.636
Edge: Hull, Top	25.000	0.000	0.000
Edge: Hull, Bottom	25.000	8.985	12.643
b 1	30.000	0.750	0.017
b 2	30.000	1.500	0.090
b 3	30.000	2.250	0.258
b 4	30.000	3.000	0.580
b 5	30.000	3.750	1.166
b 6	30.000	4.500	2.335
b 7	30.000	5.250	5.062
b 8	30.000	6.000	6.865
b 9	30.000	6.750	8.447
b 10	30.000	7.500	9.947
b 11	30.000	8.250	11.438
DWL	30.000	5.882	6.600
wl 2	30.000	8.893	12.727
wl 3	30.000	8.576	12.091
wl 4	30.000	8.258	11.455
wl 5	30.000	7.939	10.818
wl 6	30.000	7.618	10.182
wl 7	30.000	7.298	9.545
wl 8	30.000	6.979	8.909
wl 9	30.000	6.665	8.273
wl 10	30.000	6.357	7.636
wl 11	30.000	6.061	7.000
wl 12	30.000	5.779	6.364
wl 13	30.000	5.511	5.727
wl 14	30.000	5.261	5.091
wl 15	30.000	5.035	4.455
wl 16	30.000	4.857	3.818
wl 17	30.000	4.736	3.182
wl 18	30.000	4.577	2.545
wl 19	30.000	4.298	1.909
wl 20	30.000	3.848	1.273
wl 21	30.000	3.096	0.636
Edge: Hull, Top	30.000	0.000	0.000
Edge: Hull, Bottom	30.000	8.940	12.822
b 1	35.000	0.750	0.044
b 2	35.000	1.500	0.242
b 3	35.000	2.250	0.715
b 4	35.000	3.000	1.634
b 5	35.000	3.750	4.939
b 6	35.000	4.500	6.539
b 7	35.000	5.250	7.742
b 8	35.000	6.000	8.881
b 9	35.000	6.750	10.003
b 10	35.000	7.500	11.127
b 11	35.000	8.250	12.258
DWL	35.000	4.536	6.600
wl 2	35.000	8.559	12.727
wl 3	35.000	8.139	12.091
wl 4	35.000	7.718	11.455
wl 5	35.000	7.294	10.818
wl 6	35.000	6.869	10.182
wl 7	35.000	6.444	9.545
wl 8	35.000	6.019	8.909
wl 9	35.000	5.597	8.273
wl 10	35.000	5.182	7.636
wl 11	35.000	4.779	7.000
wl 12	35.000	4.397	6.364
wl 13	35.000	4.054	5.727
wl 14	35.000	3.792	5.091
wl 15	35.000	3.678	4.455
wl 16	35.000	3.652	3.818
wl 17	35.000	3.585	3.182
wl 18	35.000	3.422	2.545
wl 19	35.000	3.153	1.909
wl 20	35.000	2.758	1.273
wl 21	35.000	2.157	0.636
Edge: Hull, Top	35.000	0.000	0.000
Edge: Hull, Bottom	35.000	8.770	13.048
b 1	40.000	0.750	0.100
b 2	40.000	1.500	0.550
b 3	40.000	2.250	1.602
b 4	40.000	3.000	6.575
b 5	40.000	3.750	7.600
b 6	40.000	4.500	8.527
b 7	40.000	5.250	9.445
b 8	40.000	6.000	10.376
b 9	40.000	6.750	11.321
b 10	40.000	7.500	12.281
b 11	40.000	8.250	13.253
DWL	40.000	3.016	6.600
wl 2	40.000	7.846	12.727
wl 3	40.000	7.352	12.091
wl 4	40.000	6.855	11.455
wl 5	40.000	6.352	10.818
wl 6	40.000	5.845	10.182
wl 7	40.000	5.331	9.545
wl 8	40.000	4.813	8.909
wl 9	40.000	4.292	8.273
wl 10	40.000	3.779	7.636
wl 11	40.000	3.292	7.000
wl 12	40.000	2.873	6.364
wl 13	40.000	2.616	5.727
wl 14	40.000	2.602	5.091
wl 15	40.000	2.705	4.455
wl 16	40.000	2.771	3.818
wl 17	40.000	2.742	3.182
wl 18	40.000	2.614	2.545
wl 19	40.000	2.392	1.909
wl 20	40.000	2.068	1.273
wl 21	40.000	1.587	0.636
Edge: Hull, Top	40.000	0.000	0.000
Edge: Hull, Bottom	40.000	8.284	13.297
b 1	45.000	0.750	0.250
b 2	45.000	1.500	6.705
b 2	45.000	1.500	5.453
b 2	45.000	1.500	1.227
b 3	45.000	2.250	7.760
b 4	45.000	3.000	8.601
b 5	45.000	3.750	9.417
b 6	45.000	4.500	10.247
b 7	45.000	5.250	11.099
b 8	45.000	6.000	11.971
b 9	45.000	6.750	12.860
DWL	45.000	1.452	6.600
wl 1	45.000	7.169	13.364
wl 2	45.000	6.639	12.727
wl 3	45.000	6.102	12.091
wl 4	45.000	5.558	11.455
wl 5	45.000	5.005	10.818
wl 6	45.000	4.442	10.182
wl 7	45.000	3.867	9.545
wl 8	45.000	3.284	8.909
wl 9	45.000	2.701	8.273
wl 10	45.000	2.147	7.636
wl 11	45.000	1.668	7.000
wl 12	45.000	1.375	6.364
wl 13	45.000	1.402	5.727
wl 14	45.000	1.660	5.091
wl 15	45.000	1.918	4.455
wl 16	45.000	2.060	3.818
wl 17	45.000	2.076	3.182
wl 18	45.000	1.984	2.545
wl 19	45.000	1.798	1.909
wl 20	45.000	1.523	1.273
wl 21	45.000	1.129	0.636
Edge: Hull, Top	45.000	0.000	0.000
Edge: Hull, Bottom	45.000	7.322	13.548
b 1	50.000	0.750	8.546
b 1	50.000	0.750	5.509
b 1	50.000	0.750	0.820
b 2	50.000	1.500	9.449
b 2	50.000	1.499	3.961
b 2	50.000	1.497	2.924
b 3	50.000	2.250	10.249
b 4	50.000	3.000	11.033
b 5	50.000	3.750	11.828
b 6	50.000	4.500	12.638
b 7	50.000	5.250	13.466
wl 1	50.000	5.158	13.364
wl 2	50.000	4.581	12.727
wl 3	50.000	3.995	12.091
wl 4	50.000	3.400	11.455
wl 5	50.000	2.795	10.818
wl 6	50.000	2.186	10.182
wl 7	50.000	1.588	9.545
wl 8	50.000	1.032	8.909
wl 9	50.000	0.561	8.273
wl 10	50.000	0.211	7.636
wl 12	50.000	0.099	6.364
wl 13	50.000	0.567	5.727
wl 14	50.000	1.060	5.091
wl 15	50.000	1.377	4.455
wl 16	50.000	1.518	3.818
wl 17	50.000	1.525	3.182
wl 18	50.000	1.430	2.545
wl 19	50.000	1.252	1.909
wl 20	50.000	0.997	1.273
wl 21	50.000	0.619	0.636
Edge: Hull, Bottom	50.000	5.548	13.798
Edge: Hull, Right	50.000	0.000	7.026
Edge: Hull, Right	50.000	0.000	6.593
Edge: Hull, Right	50.000	0.000	0.180
